1.132000000000000028e+01
1.209621621621621657e+01
1.229027027027026975e+01
1.248432432432432471e+01
1.267837837837837789e+01
1.287243243243243285e+01
1.306648648648648603e+01
1.326054054054054099e+01
1.345459459459459417e+01
1.364864864864864913e+01
1.384270270270270231e+01
1.403675675675675727e+01
1.423081081081081045e+01
1.442486486486486541e+01
1.461891891891891859e+01
1.481297297297297355e+01
1.500702702702702673e+01
1.520108108108108169e+01
1.539513513513513487e+01
1.558918918918918806e+01
1.578324324324324301e+01
1.597729729729729797e+01
1.617135135135135116e+01
1.636540540540540434e+01
1.655945945945946107e+01
1.675351351351351425e+01
1.694756756756756744e+01
1.714162162162162062e+01
1.733567567567567380e+01
1.752972972972973054e+01
1.772378378378378372e+01
1.850000000000000000e+01
